"motion" "time" "V1" "V2" "RT" "Correct" "Onset" "Offset" "UK1" "UK2" "UK3" "run" "day" "direction" "response" "RToffset"
0.837 1.44 0 0 0.47451 NA 10.477 11.87 12.236 1.393 0.36522 1 "001.txt" "left" "left" -0.91849
0.068 0.368 180 180 1.1654 NA 18.618 19 19.36 0.38267 0.35952 1 "001.txt" "right" "right" 0.78273
0.062 0.516 0 0 1.0597 NA 24.882 25.432 25.796 0.5494 0.3643 1 "001.txt" "left" "left" 0.5103
0.157 0.759 180 180 1.1105 1 30.78 31.58 31.947 0.79918 0.36715 1 "001.txt" "right" "right" 0.31132
0.192 0.906 180 180 1.2136 1 38.744 39.677 40.038 0.93273 0.36135 1 "001.txt" "right" "right" 0.28087
0.111 2.24 0 0 2.5829 1 44.959 47.225 47.588 2.2656 0.36337 1 "001.txt" "left" "left" 0.3173
0.111 0.484 0 0 0.85114 1 51.024 51.54 51.903 0.51612 0.36346 1 "001.txt" "left" "left" 0.33502
0.603 0.516 180 180 0.87688 1 55.339 55.889 56.253 0.54958 0.3645 1 "001.txt" "right" "right" 0.3273
0.045 1.25 180 180 1.5707 1 59.854 61.12 61.479 1.2659 0.35865 1 "001.txt" "right" "right" 0.3048
0.039 0.906 0 0 1.2629 1 67.785 68.718 69.085 0.93265 0.36685 1 "001.txt" "left" "left" 0.33025
0.247 0.759 0 0 1.0886 1 76.582 77.365 77.729 0.78267 0.36382 1 "001.txt" "left" "left" 0.30593
0.088 0.22 180 180 0.62839 NA 83.997 84.246 84.606 0.2496 0.35984 1 "001.txt" "right" "right" 0.37879
0.011 0.395 180 180 0.77226 1 90.678 91.094 91.471 0.41618 0.37712 1 "001.txt" "right" "right" 0.35608
0.387 0.423 180 180 0.74689 1 97.009 97.459 97.82 0.44954 0.36159 1 "001.txt" "right" "right" 0.29735
0.039 2.02 0 0 2.3208 1 101.97 104.02 104.39 2.0489 0.36581 1 "001.txt" "left" "left" 0.2719
0.681 0.341 180 180 0.70748 1 109.14 109.5 109.87 0.36629 0.36089 1 "001.txt" "right" "right" 0.34119
0.111 3.3 180 180 3.6477 1 119.49 122.82 123.18 3.3318 0.36007 1 "001.txt" "right" "right" 0.3159
0.081 0.666 180 180 1.0034 1 126.75 127.45 127.81 0.69933 0.3599 1 "001.txt" "right" "right" 0.30407
0.033 0.484 0 0 0.87875 1 133.06 133.58 133.95 0.51611 0.37242 1 "001.txt" "left" "left" 0.36264
0.062 0.368 0 0 0.75595 1 137.65 138.05 138.42 0.39969 0.37587 1 "001.txt" "left" "left" 0.35626
0.131 0.854 0 0 1.2237 1 144.04 144.93 145.29 0.88248 0.36171 1 "001.txt" "left" "left" 0.34122
0.157 0.666 0 0 0.9954 1 148.74 149.43 149.79 0.68273 0.36508 1 "001.txt" "left" "left" 0.31267
0.387 1.02 0 0 1.3479 1 153.49 154.52 154.88 1.0326 0.36074 1 "001.txt" "left" "left" 0.3153
1 0.395 0 0 0.72929 1 160.89 161.3 161.67 0.41625 0.36619 1 "001.txt" "left" "left" 0.31304
0.918 1.25 0 0 1.5609 1 169.14 170.42 170.78 1.2826 0.3663 1 "001.txt" "left" "left" 0.2783
0.103 0.484 180 180 0.90095 NA 174.45 174.97 175.33 0.51607 0.36588 1 "001.txt" "right" "right" 0.38488
0.096 0.368 180 180 0.7616 NA 180.63 181.03 181.39 0.39951 0.35981 1 "001.txt" "right" "right" 0.36209
0.331 0.315 0 0 0.62816 1 185.58 185.91 186.28 0.33284 0.36644 1 "001.txt" "left" "left" 0.29532
0.216 0.368 180 180 0.70826 1 193.61 194.01 194.38 0.39931 0.36472 1 "001.txt" "right" "right" 0.30895
0.285 1.56 180 180 1.927 1 198.46 200.04 200.41 1.5825 0.3641 1 "001.txt" "right" "right" 0.3445
0.837 0.368 180 180 0.72586 1 206.72 207.12 207.49 0.3994 0.36385 1 "001.txt" "right" "right" 0.32646
0.011 0.551 0 180 0.93805 0 212.44 213.02 213.4 0.58264 0.37698 1 "001.txt" "left" "right" 0.35541
0.131 0.368 180 180 0.72022 1 218.25 218.65 219.02 0.39946 0.36704 1 "001.txt" "right" "right" 0.32076
0.068 0.315 0 0 0.68848 1 222.99 223.32 223.69 0.33292 0.37543 1 "001.txt" "left" "left" 0.35556
0.039 2.24 180 180 2.6036 1 232.93 235.2 235.56 2.2655 0.36611 1 "001.txt" "right" "right" 0.3381
0.76 2.93 180 180 3.3004 1 239.56 242.51 242.88 2.9488 0.37091 1 "001.txt" "right" "right" 0.3516
0.026 0.588 180 180 0.95006 1 249.04 249.66 250.02 0.61605 0.36261 1 "001.txt" "right" "right" 0.33401
0.068 1.56 180 180 1.9313 1 265.74 267.32 267.69 1.5823 0.36876 1 "001.txt" "right" "right" 0.349
0.096 0.625 180 0 0.97376 0 281.35 282 282.36 0.64941 0.36158 1 "001.txt" "right" "left" 0.32435
0.523 0.341 0 0 0.66284 1 292.48 292.85 293.21 0.36604 0.3687 1 "001.txt" "left" "left" 0.2968
0.247 0.71 0 0 1.0228 1 304.08 304.81 305.17 0.73288 0.36121 1 "001.txt" "left" "left" 0.28992
0.247 0.315 0 0 0.64947 1 308.64 308.97 309.34 0.33277 0.36403 1 "001.txt" "left" "left" 0.3167
0.157 0.315 180 180 0.64753 1 312.82 313.16 313.52 0.3329 0.36255 1 "001.txt" "right" "right" 0.31463
0.121 0.484 0 0 0.82993 1 324.75 325.27 325.63 0.51604 0.35984 1 "001.txt" "left" "left" 0.31389
0.143 0.805 0 0 1.1192 1 330.87 331.7 332.07 0.83267 0.36785 1 "001.txt" "left" "left" 0.28653
0.216 0.395 0 0 0.7304 1 340.71 341.13 341.49 0.41626 0.35983 1 "001.txt" "left" "left" 0.31414
0.011 0.854 0 0 1.2134 1 346.81 347.7 348.06 0.88265 0.35999 1 "001.txt" "left" "left" 0.33075
0.387 1.02 180 180 1.3372 1 351.63 352.68 353.04 1.0493 0.36684 1 "001.txt" "right" "right" 0.2879
0.603 1.02 180 180 1.3695 1 357.41 358.46 358.82 1.049 0.36609 1 "001.txt" "right" "right" 0.3205
0.247 0.453 0 0 0.84329 1 366.69 367.17 367.54 0.48278 0.37126 1 "001.txt" "left" "left" 0.36051
0.121 3.3 180 180 3.681 1 370.96 374.29 374.66 3.3318 0.37099 1 "001.txt" "right" "right" 0.3492
0.045 0.666 180 0 1.0473 0 381.3 382 382.37 0.69932 0.36812 1 "001.txt" "right" "left" 0.34798
0.033 2.93 0 0 3.263 1 392.46 395.41 395.77 2.9485 0.35986 1 "001.txt" "left" "left" 0.3145
0.285 0.453 180 180 0.77045 1 399.21 399.7 400.07 0.48286 0.37036 1 "001.txt" "right" "right" 0.28759
0.033 0.625 180 0 0.91582 0 10.459 11.052 11.415 0.59303 0.36243 2 "002.txt" "right" "left" 0.32279
0.285 2.93 0 0 3.2971 1 15.617 18.565 18.934 2.9485 0.36837 2 "002.txt" "left" "left" 0.3486
0.387 0.854 0 0 1.1555 1 24.93 25.813 26.176 0.88263 0.36268 2 "002.txt" "left" "left" 0.27287
0.011 2.24 180 180 2.5807 1 32.311 34.577 34.937 2.2656 0.35979 2 "002.txt" "right" "right" 0.3151
0.157 0.666 180 180 1.0581 1 40.409 41.108 41.477 0.69936 0.36829 2 "002.txt" "right" "right" 0.35874
0.111 1.34 0 0 1.6791 1 46.307 47.673 48.039 1.3659 0.36581 2 "002.txt" "left" "left" 0.3132
0.837 2.02 0 0 2.3791 1 57.72 59.769 60.128 2.049 0.35896 2 "002.txt" "left" "left" 0.3301
0.026 0.666 0 0 1.0579 NA 63.568 64.251 64.611 0.68266 0.35991 2 "002.txt" "left" "left" 0.37524
0.173 0.854 180 180 1.205 1 68.1 68.983 69.35 0.8827 0.3669 2 "002.txt" "right" "right" 0.3223
0.247 0.551 0 0 0.94759 NA 72.798 73.381 73.743 0.58278 0.36133 2 "002.txt" "left" "left" 0.36481
0.011 0.22 180 0 0.66185 NA 79.163 79.413 79.774 0.24961 0.36123 2 "002.txt" "right" "left" 0.41224
0.285 0.71 0 0 1.0309 1 86.844 87.577 87.939 0.73262 0.36184 2 "002.txt" "left" "left" 0.29828
0.157 3.3 0 0 3.7192 NA 91.576 94.908 95.266 3.3319 0.35857 2 "002.txt" "left" "left" 0.3873
0.011 2.93 0 0 3.3063 1 102.86 105.8 106.17 2.9484 0.36717 2 "002.txt" "left" "left" 0.3579
0.103 0.964 0 0 1.3704 NA 111.02 112 112.37 0.98264 0.36594 2 "002.txt" "left" "left" 0.38776
0.051 0.906 0 0 1.2734 1 118.95 119.88 120.24 0.93239 0.36096 2 "002.txt" "left" "left" 0.34101
0.011 0.484 0 0 0.82986 1 125.47 125.98 126.34 0.51592 0.36203 2 "002.txt" "left" "left" 0.31394
0.039 1.56 180 180 1.9039 1 132.25 133.83 134.19 1.5825 0.35853 2 "002.txt" "right" "right" 0.3214
0.045 0.22 180 180 0.71603 NA 138.11 138.36 138.73 0.24965 0.36651 2 "002.txt" "right" "right" 0.46638
0.056 0.551 180 180 0.90469 1 143.51 144.09 144.46 0.58266 0.367 2 "002.txt" "right" "right" 0.32203
0.157 2.52 0 0 2.9178 NA 153.36 155.9 156.27 2.5487 0.36534 2 "002.txt" "left" "left" 0.3691
0.039 0.368 0 0 0.76692 NA 159.75 160.15 160.51 0.39942 0.36026 2 "002.txt" "left" "left" 0.3675
0.76 1.56 0 0 1.8924 1 166.67 168.25 168.61 1.5824 0.36316 2 "002.txt" "left" "left" 0.31
1 0.271 180 180 0.60439 1 173.8 174.1 174.47 0.29943 0.36638 2 "002.txt" "right" "right" 0.30496
0.019 0.516 180 0 0.88194 0 178.5 179.03 179.4 0.53288 0.36921 2 "002.txt" "right" "left" 0.34906
0.019 0.551 0 0 0.92405 1 192.43 193.01 193.38 0.58276 0.37044 2 "002.txt" "left" "left" 0.34129
1 0.906 0 0 1.2456 1 198.51 199.44 199.81 0.93253 0.36618 2 "002.txt" "left" "left" 0.31307
0.285 1.69 180 180 2.0486 1 205.94 207.66 208.02 1.7157 0.36007 2 "002.txt" "right" "right" 0.3329
0.157 1.44 0 0 1.7978 1 214.45 215.92 216.28 1.4658 0.36036 2 "002.txt" "left" "left" 0.332
0.157 0.395 180 180 0.73223 1 220.23 220.65 221.01 0.41613 0.36111 2 "002.txt" "right" "right" 0.3161
0.111 1.44 0 0 1.8033 1 224.42 225.88 226.25 1.4659 0.36503 2 "002.txt" "left" "left" 0.3374
0.075 0.551 180 180 0.90438 1 235.5 236.08 236.45 0.58269 0.36625 2 "002.txt" "right" "right" 0.32169
0.681 0.271 180 180 0.587 1 246.84 247.14 247.5 0.29946 0.35998 2 "002.txt" "right" "right" 0.28754
0.019 0.271 0 0 0.694 NA 251.07 251.37 251.74 0.29939 0.36103 2 "002.txt" "left" "left" 0.39461
0.387 0.666 180 180 0.99659 1 256.02 256.72 257.08 0.69936 0.35913 2 "002.txt" "right" "right" 0.29723
0.081 1.25 180 180 1.5971 1 261.95 263.24 263.6 1.2825 0.35998 2 "002.txt" "right" "right" 0.3146
0.523 0.453 180 180 0.7987 1 271.92 272.4 272.76 0.4828 0.36044 2 "002.txt" "right" "right" 0.3159
0.216 0.964 180 180 1.2985 1 278.6 279.58 279.94 0.98257 0.36116 2 "002.txt" "right" "right" 0.31593
0.033 0.805 180 0 1.181 0 283.6 284.43 284.8 0.83253 0.36849 2 "002.txt" "right" "left" 0.34847
0.039 0.293 0 0 0.665 1 288.36 288.68 289.05 0.31629 0.36792 2 "002.txt" "left" "left" 0.34871
0.157 0.854 180 180 1.188 1 304.01 304.89 305.25 0.88264 0.3617 2 "002.txt" "right" "right" 0.30536
0.681 2.24 0 0 2.5994 1 308.81 311.07 311.43 2.2656 0.36196 2 "002.txt" "left" "left" 0.3338
0.033 0.271 180 180 0.69299 NA 318.67 318.97 319.33 0.29959 0.36019 2 "002.txt" "right" "right" 0.3934
1 0.271 0 0 0.62961 1 329.03 329.33 329.7 0.29962 0.36605 2 "002.txt" "left" "left" 0.32999
0.039 0.22 180 180 0.59651 1 340.45 340.7 341.06 0.24943 0.36625 2 "002.txt" "right" "right" 0.34708
0.143 2.02 180 180 2.3979 1 345.73 347.78 348.15 2.049 0.36806 2 "002.txt" "right" "right" 0.3489
0.131 0.453 180 180 0.77674 1 351.58 352.06 352.42 0.48277 0.36488 2 "002.txt" "right" "right" 0.29397
0.081 0.759 0 0 1.1404 1 357.81 358.59 358.96 0.78273 0.36736 2 "002.txt" "left" "left" 0.35767
0.192 3.3 180 180 3.6454 1 366.17 369.5 369.86 3.3318 0.35956 2 "002.txt" "right" "right" 0.3136
0.088 1.56 180 180 1.9239 1 375 376.58 376.95 1.5824 0.36147 2 "002.txt" "right" "right" 0.3415
0.285 0.293 180 180 0.61079 1 381.05 381.37 381.73 0.31617 0.36542 2 "002.txt" "right" "right" 0.29462
0 2.52 180 0 2.8875 0 385.42 387.96 388.33 2.5488 0.3669 2 "002.txt" "right" "left" 0.3387
0.523 1.02 180 180 1.3198 1 394.43 395.48 395.85 1.0493 0.36687 2 "002.txt" "right" "right" 0.2705
0.387 0.293 180 180 0.61431 1 399.28 399.59 399.95 0.31611 0.35981 2 "002.txt" "right" "right" 0.2982
0.068 2.24 0 0 2.5348 1 10.468 12.677 13.043 2.2091 0.36553 3 "003.txt" "left" "left" 0.3257
0.285 0.964 180 180 1.2384 1 18.242 19.224 19.585 0.98253 0.36047 3 "003.txt" "right" "right" 0.25587
0.045 0.854 180 0 1.1712 0 24.673 25.555 25.922 0.88259 0.36709 3 "003.txt" "right" "left" 0.28861
0.111 1.09 0 0 1.3964 1 33.087 34.203 34.564 1.116 0.36114 3 "003.txt" "left" "left" 0.2804
0.523 2.93 180 180 3.2277 1 39.401 42.35 42.709 2.9486 0.35877 3 "003.txt" "right" "right" 0.2791
0.143 0.315 0 0 0.68832 1 48.732 49.064 49.44 0.33279 0.37548 3 "003.txt" "left" "left" 0.35553
0.075 0.71 0 0 1.0373 1 64.127 64.859 65.226 0.73268 0.36641 3 "003.txt" "left" "left" 0.30462
0.033 0.906 180 0 1.2382 0 68.809 69.741 70.102 0.93241 0.36113 3 "003.txt" "right" "left" 0.30579
0.331 1.17 0 0 1.5126 1 73.74 74.94 75.298 1.1992 0.35844 3 "003.txt" "left" "left" 0.3134
0.075 0.423 0 0 0.7615 1 82.787 83.237 83.599 0.44935 0.36199 3 "003.txt" "left" "left" 0.31215
0.121 2.93 0 0 3.3113 1 89.519 92.467 92.841 2.9486 0.37378 3 "003.txt" "left" "left" 0.3627
0.173 0.516 0 0 0.87136 1 96.75 97.316 97.676 0.56613 0.36011 3 "003.txt" "left" "left" 0.30523
0.019 1.56 0 0 1.969 NA 110.46 112.04 112.41 1.5824 0.36233 3 "003.txt" "left" "left" 0.3866
0.603 0.71 180 180 1.0388 1 122.99 123.72 124.08 0.73273 0.36023 3 "003.txt" "right" "right" 0.30607
0.081 1.02 0 0 1.3785 1 129.19 130.24 130.61 1.049 0.36649 3 "003.txt" "left" "left" 0.3295
0.045 0.395 0 0 0.77861 1 139.37 139.8 140.17 0.43277 0.36547 3 "003.txt" "left" "left" 0.34584
0.918 1.17 180 NA NA NA 144.45 145.65 146.01 1.1992 0.35869 3 "003.txt" "right" NA NA
0.216 1.56 180 180 1.9029 1 149.43 151.02 151.38 1.5822 0.36581 3 "003.txt" "right" "right" 0.3207
0.331 0.423 0 0 0.74837 1 160.91 161.36 161.72 0.44939 0.36281 3 "003.txt" "left" "left" 0.29898
0.247 1.44 0 0 1.7878 1 165.16 166.63 166.99 1.4657 0.35886 3 "003.txt" "left" "left" 0.3221
0.45 1.44 180 180 1.8156 1 174.11 175.57 175.94 1.4657 0.36999 3 "003.txt" "right" "right" 0.3499
0.216 0.805 0 0 1.1058 1 180.07 180.89 181.25 0.81589 0.36085 3 "003.txt" "left" "left" 0.28991
0.157 0.588 180 180 0.91236 1 186.69 187.3 187.67 0.61613 0.36665 3 "003.txt" "right" "right" 0.29623
0.157 1.17 0 0 1.5198 1 191.24 192.44 192.79 1.1992 0.35906 3 "003.txt" "left" "left" 0.3206
0.121 1.17 0 0 1.2753 1 196.23 197.43 197.8 1.1991 0.36217 3 "003.txt" "left" "left" 0.0762
0.523 1.56 180 180 1.8966 1 201.37 202.95 203.31 1.5824 0.3618 3 "003.txt" "right" "right" 0.3142
0.76 1.69 180 180 2.0599 1 211.51 213.23 213.59 1.7158 0.36268 3 "003.txt" "right" "right" 0.3441
0.045 1.17 0 0 1.5137 1 217.06 218.26 218.62 1.1993 0.3598 3 "003.txt" "left" "left" 0.3144
0.111 0.293 180 180 0.66486 1 223.96 224.28 224.65 0.31614 0.37017 3 "003.txt" "right" "right" 0.34872
0.837 0.484 180 180 0.82233 1 229.39 229.91 230.27 0.51615 0.35992 3 "003.txt" "right" "right" 0.30618
0.192 1.17 180 180 1.5083 1 236.34 237.54 237.9 1.199 0.36328 3 "003.txt" "right" "right" 0.3093
0.285 0.551 180 180 0.87869 1 244.42 245 245.36 0.5827 0.36024 3 "003.txt" "right" "right" 0.29599
0.039 2.24 0 0 2.6113 1 251.43 253.7 254.07 2.2655 0.36745 3 "003.txt" "left" "left" 0.3458
0.039 0.516 180 180 0.89728 1 258.86 259.4 259.77 0.53278 0.37335 3 "003.txt" "right" "right" 0.3645
0.026 1.56 180 180 1.9481 NA 263.43 265.01 265.37 1.5824 0.35962 3 "003.txt" "right" "right" 0.3657
0.131 1.44 0 0 1.7271 1 268.84 270.31 270.67 1.4657 0.35936 3 "003.txt" "left" "left" 0.2614
0.45 2.93 0 0 3.2389 1 276.46 279.41 279.77 2.9488 0.36122 3 "003.txt" "left" "left" 0.2901
0.111 0.22 0 0 0.66138 NA 289.32 289.57 289.93 0.24952 0.36228 3 "003.txt" "left" "left" 0.41186
0.075 0.293 180 180 0.64619 1 293.94 294.25 294.62 0.31615 0.36658 3 "003.txt" "right" "right" 0.33004
0.143 0.341 180 180 0.67012 1 298.07 298.44 298.8 0.36618 0.36655 3 "003.txt" "right" "right" 0.30394
0.081 0.484 0 0 0.81333 1 309.05 309.56 309.93 0.51609 0.36226 3 "003.txt" "left" "left" 0.29724
0.121 0.551 0 0 0.88076 1 314.58 315.16 315.52 0.58278 0.3596 3 "003.txt" "left" "left" 0.29798
0.062 1.69 180 180 2.0556 1 320.33 322.04 322.41 1.7158 0.36833 3 "003.txt" "right" "right" 0.3398
0.681 0.453 180 180 0.75309 1 329.41 329.89 330.25 0.48278 0.3598 3 "003.txt" "right" "right" 0.27031
0.247 0.906 180 180 1.2064 1 334.34 335.27 335.63 0.93262 0.36111 3 "003.txt" "right" "right" 0.27378
0.103 0.588 0 0 0.91165 1 341.01 341.62 341.99 0.6159 0.36712 3 "003.txt" "left" "left" 0.29575
0.075 2.24 180 180 2.6721 NA 347.17 349.44 349.8 2.2656 0.35961 3 "003.txt" "right" "right" 0.4065
0.603 1.25 180 180 1.5955 1 353.73 355.02 355.38 1.2824 0.36684 3 "003.txt" "right" "right" 0.3131
0.033 0.551 180 180 0.8972 1 361.25 361.83 362.19 0.58272 0.36013 3 "003.txt" "right" "right" 0.31448
0.075 1.25 180 180 1.5825 1 368.25 369.53 369.89 1.2826 0.36178 3 "003.txt" "right" "right" 0.2999
0.76 3.3 0 0 3.6709 1 373.3 376.63 376.99 3.3317 0.3665 3 "003.txt" "left" "left" 0.3392
0 1.09 180 0 1.4384 0 380.64 381.76 382.12 1.1159 0.35932 3 "003.txt" "right" "left" 0.3225
0.387 0.964 180 180 1.2889 1 388.49 389.47 389.83 0.98255 0.36217 3 "003.txt" "right" "right" 0.30635
0.033 0.551 0 0 0.91527 1 398.94 399.52 399.88 0.58274 0.36111 3 "003.txt" "left" "left" 0.33253
0.075 0.964 0 0 1.2495 1 10.463 11.39 11.754 0.92615 0.3639 4 "004.txt" "left" "left" 0.32335
0.918 2.93 180 180 3.2804 1 15.838 18.786 19.147 2.9485 0.36078 4 "004.txt" "right" "right" 0.3319
0.075 0.293 0 0 0.63155 1 26.267 26.584 26.946 0.31623 0.36239 4 "004.txt" "left" "left" 0.31532
0.111 0.25 0 0 0.60397 1 30.616 30.899 31.264 0.28284 0.36529 4 "004.txt" "left" "left" 0.32113
0.681 2.24 180 180 2.6067 1 34.831 37.097 37.458 2.2656 0.36142 4 "004.txt" "right" "right" 0.3411
0.247 0.516 180 180 0.85322 1 42.879 43.428 43.795 0.54942 0.36653 4 "004.txt" "right" "right" 0.3038
1 0.805 0 0 1.0949 1 47.244 48.077 48.436 0.83261 0.35954 4 "004.txt" "left" "left" 0.26229
0.111 2.24 180 180 2.6283 NA 57.991 60.256 60.615 2.2655 0.35878 4 "004.txt" "right" "right" 0.3628
0.096 1.34 180 180 1.6905 1 65.472 66.837 67.199 1.3659 0.36154 4 "004.txt" "right" "right" 0.3246
1 0.453 180 180 0.79101 1 70.62 71.103 71.465 0.48272 0.36193 4 "004.txt" "right" "right" 0.30829
0.096 1.83 0 0 2.1546 1 76.551 78.4 78.761 1.849 0.36052 4 "004.txt" "left" "left" 0.3056
0.111 0.964 180 180 1.289 1 91.53 92.513 92.872 0.9826 0.35986 4 "004.txt" "right" "right" 0.3064
0.062 1.56 0 0 1.8896 1 97.511 99.094 99.454 1.5824 0.36062 4 "004.txt" "left" "left" 0.3072
0.837 0.805 180 180 1.1321 1 106.44 107.27 107.64 0.83266 0.36127 4 "004.txt" "right" "right" 0.29944
0.173 0.759 180 180 1.0962 1 111.27 112.06 112.42 0.78266 0.35955 4 "004.txt" "right" "right" 0.31354
0.056 0.854 180 0 1.1985 0 118.47 119.35 119.72 0.88265 0.36116 4 "004.txt" "right" "left" 0.31585
0.062 2.02 180 0 2.386 0 124 126.05 126.42 2.049 0.36479 4 "004.txt" "right" "left" 0.337
0.131 1.44 180 NA NA NA 132.48 133.95 134.31 1.4659 0.36063 4 "004.txt" "right" NA NA
0.033 0.71 180 180 1.0488 1 139.63 140.36 140.73 0.73275 0.36103 4 "004.txt" "right" "right" 0.31605
0.76 0.453 0 0 0.79304 1 150.23 150.71 151.08 0.48291 0.36584 4 "004.txt" "left" "left" 0.31013
0.075 3.3 0 0 3.6827 1 157.59 160.92 161.29 3.3319 0.37067 4 "004.txt" "left" "left" 0.3508
0.026 0.271 0 0 0.70917 NA 167.36 167.66 168.02 0.2995 0.36489 4 "004.txt" "left" "left" 0.40967
0.051 1.69 180 180 2.0488 1 171.47 173.19 173.55 1.7157 0.36036 4 "004.txt" "right" "right" 0.3331
0.081 0.964 180 180 1.3038 1 188.2 189.18 189.55 0.98268 0.36669 4 "004.txt" "right" "right" 0.32112
0.216 1.34 0 0 1.6699 1 200.11 201.48 201.85 1.3659 0.3684 4 "004.txt" "left" "left" 0.304
0.131 0.368 0 0 0.73244 1 208.21 208.61 208.97 0.39947 0.36122 4 "004.txt" "left" "left" 0.33297
0.056 0.453 180 180 0.833 1 214.09 214.57 214.94 0.48278 0.3693 4 "004.txt" "right" "right" 0.35022
0.011 0.25 180 180 0.6303 1 220.11 220.39 220.76 0.2829 0.36768 4 "004.txt" "right" "right" 0.3474
0.088 0.71 180 180 1.0505 1 226.12 226.85 227.22 0.73269 0.3622 4 "004.txt" "right" "right" 0.31781
0.096 0.22 180 180 0.59025 1 230.69 230.94 231.3 0.24941 0.36944 4 "004.txt" "right" "right" 0.34084
0.603 0.906 0 0 1.2314 1 237.33 238.27 238.63 0.93266 0.36076 4 "004.txt" "left" "left" 0.29874
0.056 1.25 0 0 1.6049 1 242.08 243.36 243.72 1.2825 0.35932 4 "004.txt" "left" "left" 0.3224
0.039 2.93 0 0 3.2621 1 247.85 250.8 251.15 2.9487 0.35843 4 "004.txt" "left" "left" 0.3134
0.033 0.271 0 0 0.67184 NA 254.58 254.88 255.24 0.29938 0.3588 4 "004.txt" "left" "left" 0.37246
0.096 1.83 180 180 2.1981 1 265.46 267.31 267.68 1.849 0.36936 4 "004.txt" "right" "right" 0.3491
1 2.02 180 180 2.3636 1 275.87 277.92 278.28 2.0489 0.3614 4 "004.txt" "right" "right" 0.3147
1 0.484 0 0 0.82 1 284.2 284.72 285.08 0.51609 0.36484 4 "004.txt" "left" "left" 0.30391
0.285 3.3 0 0 3.6538 1 288.67 292 292.36 3.332 0.35931 4 "004.txt" "left" "left" 0.3218
0.192 2.52 180 180 2.8319 1 296.45 299 299.36 2.5488 0.36294 4 "004.txt" "right" "right" 0.2831
0.192 2.24 0 0 2.5713 1 304.2 306.44 306.81 2.2488 0.36065 4 "004.txt" "left" "left" 0.3225
0.026 0.341 0 180 0.72501 0 312.59 312.96 313.33 0.36607 0.36778 4 "004.txt" "left" "right" 0.35894
0.081 0.71 0 0 1.0467 1 322.07 322.81 323.17 0.73263 0.35987 4 "004.txt" "left" "left" 0.31407
0.026 0.759 180 180 1.1039 1 326.81 327.59 327.95 0.78269 0.36615 4 "004.txt" "right" "right" 0.32121
0.192 0.484 0 0 0.84751 1 335.1 335.62 335.98 0.51606 0.35969 4 "004.txt" "left" "left" 0.33145
1 0.293 180 180 0.62102 1 341.82 342.13 342.49 0.31619 0.35937 4 "004.txt" "right" "right" 0.30483
0.247 0.341 0 0 0.67099 1 345.9 346.27 346.63 0.36617 0.36905 4 "004.txt" "left" "left" 0.30482
0.131 2.93 180 180 3.2864 1 350.55 353.51 353.88 2.9653 0.36802 4 "004.txt" "right" "right" 0.3211
0.026 1.17 0 0 1.4837 1 358.63 359.83 360.19 1.1992 0.36308 4 "004.txt" "left" "left" 0.2845
0.019 0.423 180 0 0.75539 0 369.29 369.74 370.11 0.44947 0.36688 4 "004.txt" "right" "left" 0.30592
0.523 0.271 180 180 0.58836 1 374.91 375.21 375.57 0.29933 0.36213 4 "004.txt" "right" "right" 0.28903
0.068 0.22 0 0 0.58969 1 380.67 380.9 381.27 0.23287 0.36647 4 "004.txt" "left" "left" 0.35682
0.111 0.964 0 0 1.2721 1 385.22 386.2 386.56 0.98256 0.35975 4 "004.txt" "left" "left" 0.28954
0.192 0.964 0 0 1.2956 1 390.12 391.1 391.46 0.98254 0.36092 4 "004.txt" "left" "left" 0.31306
0.011 0.453 0 180 0.78877 0 398.93 399.41 399.78 0.4827 0.36255 4 "004.txt" "left" "right" 0.30607
1 0.551 0 0 0.78245 1 10.462 10.971 11.336 0.50938 0.36475 5 "005.txt" "left" "left" 0.27307
0.051 0.964 0 0 1.2715 1 14.852 15.835 16.194 0.98265 0.35919 5 "005.txt" "left" "left" 0.28885
0.192 0.368 0 0 0.67066 1 23.516 23.916 24.275 0.39948 0.35877 5 "005.txt" "left" "left" 0.27118
0.062 0.759 0 0 1.0454 1 30.248 31.03 31.39 0.78267 0.36023 5 "005.txt" "left" "left" 0.26273
0.837 3.3 180 180 3.6597 1 44.676 48.008 48.374 3.3319 0.36579 5 "005.txt" "right" "right" 0.3278
0.131 0.423 180 180 0.76262 1 53.573 54.023 54.383 0.44956 0.35994 5 "005.txt" "right" "right" 0.31306
0.019 0.484 0 0 0.82406 1 63.787 64.303 64.664 0.51601 0.36144 5 "005.txt" "left" "left" 0.30805
0.216 0.22 0 0 0.58751 1 68.335 68.585 68.953 0.24946 0.36848 5 "005.txt" "left" "left" 0.33805
0.76 0.854 180 180 1.1798 1 72.434 73.317 73.676 0.88257 0.35946 5 "005.txt" "right" "right" 0.29723
0.247 0.71 180 180 1.0138 1 82.131 82.864 83.227 0.73259 0.36347 5 "005.txt" "right" "right" 0.28121
0.039 1.09 0 0 1.379 1 88.679 89.795 90.156 1.116 0.361 5 "005.txt" "left" "left" 0.263
0.837 0.293 0 0 0.60547 1 97.51 97.826 98.186 0.31617 0.36031 5 "005.txt" "left" "left" 0.2893
0.081 0.551 0 0 0.86481 1 101.76 102.34 102.7 0.5827 0.36068 5 "005.txt" "left" "left" 0.28211
0.075 0.516 0 0 0.84588 1 107.02 107.57 107.93 0.54947 0.35858 5 "005.txt" "left" "left" 0.29641
0.173 0.293 0 0 0.61247 1 114.14 114.45 114.82 0.31632 0.36919 5 "005.txt" "left" "left" 0.29615
0.523 0.625 180 180 0.93889 1 120.75 121.4 121.76 0.64942 0.35987 5 "005.txt" "right" "right" 0.28947
0.019 0.666 180 0 1.0342 0 125.2 125.9 126.26 0.69921 0.36331 5 "005.txt" "right" "left" 0.33499
0.068 0.906 0 0 1.2372 1 132.33 133.26 133.63 0.93262 0.36606 5 "005.txt" "left" "left" 0.30458
0.088 1.17 0 0 1.4964 1 139.18 140.38 140.74 1.1992 0.35996 5 "005.txt" "left" "left" 0.2972
0.247 0.854 0 0 1.1552 1 146.94 147.83 148.19 0.8826 0.36074 5 "005.txt" "left" "left" 0.2726
0.088 0.25 180 0 0.6535 NA 158.04 158.32 158.69 0.28263 0.3672 5 "005.txt" "right" "left" 0.37087
0.051 0.368 180 180 0.7219 1 162.67 163.09 163.45 0.41611 0.35959 5 "005.txt" "right" "right" 0.30579
0.033 1.34 0 0 1.6892 1 166.87 168.24 168.6 1.3658 0.35873 5 "005.txt" "left" "left" 0.3234
0.192 0.588 180 180 0.89541 1 175.78 176.4 176.76 0.61611 0.36064 5 "005.txt" "right" "right" 0.2793
0.068 2.52 180 180 2.9078 1 181.47 184.01 184.38 2.5488 0.36842 5 "005.txt" "right" "right" 0.359
0.019 1.69 180 180 2.0483 1 189.26 190.98 191.34 1.7156 0.36283 5 "005.txt" "right" "right" 0.3327
0.157 2.93 0 0 3.2845 1 200.39 203.34 203.71 2.9488 0.3638 5 "005.txt" "left" "left" 0.3357
0.068 2.52 0 0 2.8559 1 208.97 211.52 211.88 2.5488 0.36049 5 "005.txt" "left" "left" 0.3071
0.173 0.906 180 180 1.223 1 216.75 217.69 218.05 0.93255 0.36084 5 "005.txt" "right" "right" 0.29045
0.056 2.02 0 0 2.3779 1 225.75 227.8 228.17 2.049 0.36646 5 "005.txt" "left" "left" 0.3289
0.081 1.83 0 0 2.1439 1 232.98 234.83 235.19 1.849 0.35872 5 "005.txt" "left" "left" 0.2949
0.76 0.516 0 0 0.86312 1 238.85 239.4 239.76 0.5495 0.36615 5 "005.txt" "left" "left" 0.31362
0.523 0.588 180 180 0.94962 1 255.06 255.68 256.04 0.61615 0.36202 5 "005.txt" "right" "right" 0.33347
0.173 0.271 0 0 0.6379 1 260.19 260.49 260.86 0.29955 0.36855 5 "005.txt" "left" "left" 0.33835
0.075 0.484 180 180 0.86522 1 271.82 272.34 272.71 0.51601 0.36828 5 "005.txt" "right" "right" 0.34921
0.121 0.854 180 180 1.1975 1 278.87 279.75 280.11 0.88265 0.35936 5 "005.txt" "right" "right" 0.31485
0.033 0.22 180 0 0.64101 NA 283.52 283.77 284.13 0.2496 0.36616 5 "005.txt" "right" "left" 0.39141
0.76 1.69 0 0 2.003 1 287.8 289.51 289.88 1.7157 0.36633 5 "005.txt" "left" "left" 0.2873
0.387 2.52 180 180 2.8443 1 294.01 296.56 296.92 2.5488 0.35929 5 "005.txt" "right" "right" 0.2955
0.681 1.02 180 180 1.345 1 300.39 301.46 301.83 1.0659 0.36588 5 "005.txt" "right" "right" 0.2791
0.837 0.423 0 0 0.75496 1 308.36 308.81 309.17 0.44959 0.35871 5 "005.txt" "left" "left" 0.30537
0.192 0.315 0 0 0.6404 1 314.39 314.72 315.08 0.33279 0.36094 5 "005.txt" "left" "left" 0.30761
0.096 0.906 0 0 1.2371 1 325.69 326.62 326.98 0.93267 0.35971 5 "005.txt" "left" "left" 0.30443
0.837 0.271 180 180 0.62185 1 333.65 333.95 334.32 0.29948 0.36909 5 "005.txt" "right" "right" 0.32237
0.157 0.22 180 180 0.58218 1 337.9 338.15 338.51 0.2494 0.36094 5 "005.txt" "right" "right" 0.33278
0.192 1.56 0 0 1.8957 1 342.55 344.13 344.5 1.5824 0.36867 5 "005.txt" "left" "left" 0.3133
0.216 0.625 0 0 0.94506 1 347.93 348.58 348.95 0.64941 0.36646 5 "005.txt" "left" "left" 0.29565
0.216 0.666 0 0 0.95397 1 352.9 353.58 353.94 0.68275 0.36684 5 "005.txt" "left" "left" 0.27122
0.45 0.341 0 0 0.65669 1 359.13 359.49 359.86 0.36622 0.36304 5 "005.txt" "left" "left" 0.29047
0.111 1.44 180 180 1.7549 1 366.07 367.54 367.9 1.4659 0.36055 5 "005.txt" "right" "right" 0.289
0.088 0.854 180 180 1.1969 1 371.49 372.37 372.73 0.88265 0.35926 5 "005.txt" "right" "right" 0.31425
0.039 2.93 180 180 3.2662 1 382.62 385.57 385.93 2.9488 0.36101 5 "005.txt" "right" "right" 0.3174
0.045 0.271 0 0 0.63102 1 390.83 391.13 391.49 0.2994 0.35956 5 "005.txt" "left" "left" 0.33162
0.096 2.52 0 0 2.8537 1 396.96 399.51 399.87 2.5488 0.36057 5 "005.txt" "left" "left" 0.3049
0.011 0.964 180 0 1.2445 0 10.467 11.393 11.759 0.92612 0.36606 6 "006.txt" "right" "left" 0.31838
0.081 3.3 180 180 3.6765 1 21.106 24.421 24.791 3.3152 0.36999 6 "006.txt" "right" "right" 0.3613
0.45 1.44 0 0 1.7536 1 35.234 36.7 37.062 1.4657 0.36152 6 "006.txt" "left" "left" 0.2879
0.918 0.551 0 0 0.91345 1 40.983 41.565 41.924 0.58274 0.35911 6 "006.txt" "left" "left" 0.33071
0.387 0.516 0 0 0.82923 1 50.28 50.812 51.171 0.53257 0.3588 6 "006.txt" "left" "left" 0.29666
0.081 0.271 180 180 0.64106 1 56.311 56.61 56.971 0.29951 0.36062 6 "006.txt" "right" "right" 0.34155
1 1.44 180 180 1.7455 1 63.126 64.591 64.958 1.4657 0.36709 6 "006.txt" "right" "right" 0.2798
0.603 0.271 0 0 0.60694 1 68.607 68.907 69.268 0.29948 0.36173 6 "006.txt" "left" "left" 0.30746
0.837 0.666 180 180 0.97926 1 72.856 73.555 73.914 0.69948 0.35893 6 "006.txt" "right" "right" 0.27978
0.603 1.09 0 0 1.371 1 79.337 80.453 80.815 1.1159 0.36171 6 "006.txt" "left" "left" 0.2551
0.247 2.93 0 0 3.2468 1 86.818 89.767 90.127 2.9484 0.35996 6 "006.txt" "left" "left" 0.2984
0.103 1.83 180 180 2.1663 1 99.831 101.68 102.04 1.8489 0.36187 6 "006.txt" "right" "right" 0.3174
0.131 0.759 0 0 1.0727 1 112.83 113.61 113.97 0.78267 0.36055 6 "006.txt" "left" "left" 0.29003
0.681 0.588 180 180 0.88796 1 121.21 121.82 122.19 0.616 0.36387 6 "006.txt" "right" "right" 0.27196
0.681 2.52 0 0 2.8372 1 128.05 130.6 130.96 2.5488 0.35913 6 "006.txt" "left" "left" 0.2884
0.056 0.315 0 0 0.62244 1 135.25 135.59 135.95 0.33281 0.36058 6 "006.txt" "left" "left" 0.28963
0.068 0.854 0 0 1.1805 1 139.38 140.27 140.63 0.88265 0.36207 6 "006.txt" "left" "left" 0.29785
0.285 3.3 180 180 3.6985 NA 148.25 151.58 151.94 3.3318 0.36297 6 "006.txt" "right" "right" 0.3667
0.523 0.395 0 0 0.69621 1 155.36 155.78 156.14 0.41622 0.35905 6 "006.txt" "left" "left" 0.27999
0.056 0.71 0 0 1.0657 1 160.16 160.89 161.25 0.7328 0.36049 6 "006.txt" "left" "left" 0.3329
0.062 1.09 180 180 1.3971 1 164.81 165.93 166.29 1.1158 0.36239 6 "006.txt" "right" "right" 0.2813
0.062 0.805 0 180 1.1759 0 170.41 171.24 171.6 0.83255 0.36148 6 "006.txt" "left" "right" 0.34335
0.088 0.759 180 180 1.0899 1 177.74 178.52 178.88 0.78256 0.36111 6 "006.txt" "right" "right" 0.30734
0.143 0.906 0 0 1.2557 1 182.35 183.29 183.65 0.93253 0.35957 6 "006.txt" "left" "left" 0.32317
0.523 1.44 180 180 1.791 1 193.38 194.85 195.21 1.4658 0.36131 6 "006.txt" "right" "right" 0.3252
0.681 1.69 180 180 2.0152 1 200.43 202.15 202.51 1.7157 0.36395 6 "006.txt" "right" "right" 0.2995
0.837 1.56 180 180 1.8797 1 207.3 208.88 209.24 1.5824 0.35954 6 "006.txt" "right" "right" 0.2973
0.76 0.271 0 0 0.5885 1 214.08 214.38 214.74 0.29946 0.3592 6 "006.txt" "left" "left" 0.28904
0.837 1.56 0 0 1.9396 1 220.68 222.26 222.62 1.5824 0.36621 6 "006.txt" "left" "left" 0.3572
0 0.22 180 180 0.60808 1 226.31 226.56 226.92 0.2496 0.36775 6 "006.txt" "right" "right" 0.35848
0.523 0.71 180 180 1.0047 1 230.37 231.1 231.47 0.73267 0.36717 6 "006.txt" "right" "right" 0.27203
1 1.02 180 180 1.3455 1 240.4 241.45 241.81 1.0493 0.36044 6 "006.txt" "right" "right" 0.2962
0 1.69 180 0 2.0136 0 246.7 248.42 248.78 1.7157 0.36011 6 "006.txt" "right" "left" 0.2979
0.045 2.02 180 180 2.3796 1 255.36 257.41 257.77 2.0489 0.35917 6 "006.txt" "right" "right" 0.3307
0.068 0.964 180 180 1.2451 1 261.2 262.18 262.54 0.98258 0.35942 6 "006.txt" "right" "right" 0.26252
0.111 0.588 0 0 0.89597 1 268.03 268.64 269.01 0.61605 0.36687 6 "006.txt" "left" "left" 0.27992
0.523 1.56 0 0 1.8715 1 272.58 274.16 274.52 1.5824 0.36078 6 "006.txt" "left" "left" 0.2891
0.051 0.395 180 180 0.7551 1 280.97 281.39 281.76 0.41613 0.36716 6 "006.txt" "right" "right" 0.33897
0.103 0.341 0 0 0.67159 1 288.87 289.24 289.6 0.36613 0.35909 6 "006.txt" "left" "left" 0.30546
0.681 0.551 180 180 0.87235 1 294.27 294.85 295.21 0.58278 0.36131 6 "006.txt" "right" "right" 0.28957
0.011 0.453 180 0 0.79812 0 300.37 300.85 301.21 0.48267 0.36074 6 "006.txt" "right" "left" 0.31545
0.45 2.24 180 180 2.5915 1 307.31 309.58 309.94 2.2656 0.36207 6 "006.txt" "right" "right" 0.3259
0.062 0.271 0 180 0.67966 NA 317.21 317.51 317.88 0.29953 0.3665 6 "006.txt" "left" "right" 0.38013
0.45 1.02 0 0 1.346 1 322.74 323.79 324.16 1.0492 0.36655 6 "006.txt" "left" "left" 0.2968
0.026 0.906 0 180 1.2385 0 327.59 328.52 328.88 0.93253 0.35944 6 "006.txt" "left" "right" 0.30597
0.173 0.341 180 180 0.64736 1 332.36 332.72 333.08 0.36614 0.36038 6 "006.txt" "right" "right" 0.28122
0.76 0.368 0 0 0.68369 1 339.22 339.62 339.98 0.39921 0.3633 6 "006.txt" "left" "left" 0.28448
0.216 1.25 180 180 1.544 1 343.65 344.94 345.3 1.2826 0.36086 6 "006.txt" "right" "right" 0.2614
0.837 0.22 0 0 0.56054 1 350.47 350.72 351.08 0.24951 0.36467 6 "006.txt" "left" "left" 0.31103
0.103 0.71 180 180 1.0243 1 355.23 355.97 356.33 0.73266 0.36275 6 "006.txt" "right" "right" 0.29164
0.051 1.69 0 0 2.0204 1 361.73 363.45 363.81 1.7157 0.36031 6 "006.txt" "left" "left" 0.3047
0.121 0.854 0 0 1.197 1 367.76 368.64 369.01 0.88261 0.36112 6 "006.txt" "left" "left" 0.31439
0.131 0.293 180 180 0.6505 1 384.02 384.34 384.7 0.31614 0.36252 6 "006.txt" "right" "right" 0.33436
0.331 1.56 0 0 1.9223 1 397.79 399.37 399.73 1.5826 0.36618 6 "006.txt" "left" "left" 0.3397
0.157 0.484 180 180 0.76001 1 10.463 10.906 11.271 0.44261 0.36542 7 "007.txt" "right" "right" 0.3174
0.039 0.805 180 180 1.1526 1 16.703 17.519 17.884 0.81601 0.36499 7 "007.txt" "right" "right" 0.33659
0.075 1.34 0 0 1.689 1 22.185 23.551 23.911 1.3658 0.36024 7 "007.txt" "left" "left" 0.3232
0.387 0.759 0 0 1.0441 1 27.367 28.149 28.516 0.78239 0.36661 7 "007.txt" "left" "left" 0.26171
0.45 0.484 180 180 0.80381 1 32.648 33.164 33.531 0.51618 0.36634 7 "007.txt" "right" "right" 0.28763
0.068 0.71 0 0 0.99657 1 37.563 38.296 38.658 0.73272 0.36179 7 "007.txt" "left" "left" 0.26385
0 1.44 180 0 1.7708 0 45.694 47.16 47.519 1.4659 0.35926 7 "007.txt" "right" "left" 0.3049
0.056 0.293 180 180 0.67912 NA 57.124 57.44 57.799 0.31619 0.35917 7 "007.txt" "right" "right" 0.36293
0.096 0.805 180 180 1.1328 1 72.652 73.485 73.846 0.83277 0.36128 7 "007.txt" "right" "right" 0.30003
0.216 1.83 0 0 2.1375 1 77.317 79.166 79.528 1.849 0.36142 7 "007.txt" "left" "left" 0.2885
1 3.3 180 180 3.6767 1 88.347 91.679 92.044 3.3319 0.36518 7 "007.txt" "right" "right" 0.3448
0.523 0.341 180 180 0.67259 1 97.444 97.811 98.171 0.36616 0.36014 7 "007.txt" "right" "right" 0.30643
0.173 2.93 180 180 3.2717 1 101.74 104.69 105.05 2.9485 0.36024 7 "007.txt" "right" "right" 0.3232
0.157 0.625 180 180 0.95463 1 114.22 114.87 115.23 0.64937 0.36182 7 "007.txt" "right" "right" 0.30526
0.247 2.02 0 0 2.4213 NA 118.69 120.74 121.1 2.0489 0.35911 7 "007.txt" "left" "left" 0.3724
0.033 1.25 180 180 1.6084 1 127.2 128.48 128.85 1.2825 0.36276 7 "007.txt" "right" "right" 0.3259
0.051 0.551 0 0 0.92268 1 132.28 132.87 133.23 0.58274 0.3686 7 "007.txt" "left" "left" 0.33994
0.051 2.93 180 0 3.2868 0 139.13 142.08 142.45 2.9487 0.36846 7 "007.txt" "right" "left" 0.3381
0.837 0.315 180 180 0.61891 1 147.65 147.98 148.34 0.333 0.35907 7 "007.txt" "right" "right" 0.28591
0.285 1.09 180 180 1.4126 1 153.19 154.31 154.67 1.1158 0.35925 7 "007.txt" "right" "right" 0.2968
0.088 0.516 180 180 0.84517 1 161.84 162.37 162.74 0.53247 0.36688 7 "007.txt" "right" "right" 0.3127
0.681 0.516 180 180 0.76979 1 168.86 169.39 169.75 0.53263 0.35932 7 "007.txt" "right" "right" 0.23716
0.051 1.56 180 0 1.9303 0 173.85 175.44 175.8 1.5822 0.36724 7 "007.txt" "right" "left" 0.3481
0.026 0.423 180 180 0.79746 1 181.92 182.37 182.73 0.44957 0.36786 7 "007.txt" "right" "right" 0.34789
0.096 0.453 0 0 0.7866 1 189.95 190.43 190.8 0.4828 0.36663 7 "007.txt" "left" "left" 0.3038
0.523 1.69 180 180 2.0433 1 194.21 195.93 196.29 1.7158 0.36528 7 "007.txt" "right" "right" 0.3275
0.331 2.93 0 0 3.2439 1 201.13 204.08 204.44 2.9486 0.35926 7 "007.txt" "left" "left" 0.2953
0.011 1.17 0 0 1.4889 1 209.59 210.79 211.15 1.1992 0.36049 7 "007.txt" "left" "left" 0.2897
0.056 0.964 180 180 1.3116 1 217.11 218.09 218.46 0.98262 0.36761 7 "007.txt" "right" "right" 0.32898
0.285 1.34 0 0 1.6642 1 221.9 223.27 223.63 1.3659 0.36208 7 "007.txt" "left" "left" 0.2983
0.918 0.588 180 180 0.89587 1 228.29 228.9 229.26 0.61612 0.3615 7 "007.txt" "right" "right" 0.27975
0.081 0.315 0 0 0.67935 1 232.93 233.27 233.63 0.33289 0.36714 7 "007.txt" "left" "left" 0.34646
0.523 0.964 0 0 1.2366 1 239.7 240.68 241.04 0.98237 0.36086 7 "007.txt" "left" "left" 0.25423
0.011 0.964 0 0 1.2718 1 246.88 247.86 248.23 0.98268 0.36249 7 "007.txt" "left" "left" 0.28912
0.081 0.395 180 180 0.78718 NA 253.69 254.11 254.47 0.41608 0.35968 7 "007.txt" "right" "right" 0.3711
0.837 0.759 0 0 1.0459 1 261.01 261.79 262.15 0.7826 0.35938 7 "007.txt" "left" "left" 0.2633
0.033 0.759 0 180 1.1503 NA 269.69 270.47 270.83 0.7826 0.3615 7 "007.txt" "left" "right" 0.3677
0.062 3.3 180 180 3.7343 NA 281.15 284.48 284.85 3.3319 0.36044 7 "007.txt" "right" "right" 0.4024
0.216 0.423 0 0 0.80831 1 289.67 290.12 290.48 0.44947 0.36866 7 "007.txt" "left" "left" 0.35884
0.051 0.22 180 180 0.60026 1 296.9 297.15 297.52 0.24948 0.3711 7 "007.txt" "right" "right" 0.35078
0.111 1.34 180 180 1.7 1 301.16 302.53 302.89 1.3658 0.36288 7 "007.txt" "right" "right" 0.3342
0.075 1.25 0 0 1.6453 NA 313.58 314.86 315.22 1.2825 0.36039 7 "007.txt" "left" "left" 0.3628
0.837 1.09 180 180 1.395 1 320.36 321.47 321.84 1.1159 0.36879 7 "007.txt" "right" "right" 0.2791
0.331 0.271 180 180 0.65601 1 325.27 325.57 325.94 0.29948 0.36633 7 "007.txt" "right" "right" 0.35653
0.033 3.3 180 0 3.676 0 329.5 332.84 333.2 3.3319 0.36386 7 "007.txt" "right" "left" 0.3441
0 2.02 180 180 2.4141 NA 336.85 338.9 339.26 2.0488 0.36082 7 "007.txt" "right" "right" 0.3653
0.045 0.293 180 0 0.64883 0 344.02 344.33 344.69 0.31609 0.3603 7 "007.txt" "right" "left" 0.33274
0.081 0.516 0 0 0.82884 1 352.96 353.51 353.88 0.54946 0.36809 7 "007.txt" "left" "left" 0.27938
0.157 1.09 180 180 1.3993 1 358.99 360.11 360.47 1.1158 0.36399 7 "007.txt" "right" "right" 0.2835
0.247 0.341 180 180 0.6653 1 373.41 373.77 374.14 0.36621 0.36212 7 "007.txt" "right" "right" 0.29909
0.068 0.551 0 0 0.8797 1 378.06 378.64 379 0.58269 0.36061 7 "007.txt" "left" "left" 0.29701
0.918 0.906 0 0 1.2473 1 382.95 383.89 384.25 0.93266 0.36223 7 "007.txt" "left" "left" 0.31464
0.111 1.25 0 0 1.5807 1 393.9 395.18 395.54 1.2825 0.36128 7 "007.txt" "left" "left" 0.2982
0.285 0.368 180 180 0.71976 1 399.12 399.51 399.88 0.39946 0.36506 7 "007.txt" "right" "right" 0.3203
0.045 2.02 0 0 2.3191 1 10.472 12.464 12.831 1.9926 0.36634 8 "008.txt" "left" "left" 0.3265
0.216 0.293 0 0 0.57886 1 16.879 17.178 17.545 0.2993 0.36686 8 "008.txt" "left" "left" 0.27956
0 0.551 0 0 0.86323 1 25.993 26.575 26.937 0.58266 0.36143 8 "008.txt" "left" "left" 0.28057
0.026 0.805 180 180 1.121 1 32.141 32.973 33.332 0.83241 0.35866 8 "008.txt" "right" "right" 0.28859
0.247 0.368 0 0 0.696 1 43.887 44.286 44.646 0.39944 0.35949 8 "008.txt" "left" "left" 0.29656
0.026 0.854 0 0 1.1651 1 48.319 49.202 49.563 0.88272 0.36141 8 "008.txt" "left" "left" 0.28238
0 1.44 0 180 1.7638 0 56.866 58.332 58.692 1.4659 0.35989 8 "008.txt" "left" "right" 0.2979
0.068 1.83 0 0 2.1284 1 62.165 64.014 64.373 1.849 0.35926 8 "008.txt" "left" "left" 0.2794
0.216 1.17 180 180 1.4627 1 79.592 80.792 81.152 1.1993 0.36008 8 "008.txt" "right" "right" 0.2634
0.088 0.271 0 0 0.59675 1 84.724 85.024 85.386 0.29925 0.36219 8 "008.txt" "left" "left" 0.2975
0.387 1.83 180 180 2.1454 1 89.423 91.272 91.633 1.849 0.36139 8 "008.txt" "right" "right" 0.2964
0.121 0.453 180 180 0.77251 1 98.136 98.619 98.979 0.4827 0.35961 8 "008.txt" "right" "right" 0.28981
0.157 2.93 180 180 3.2628 1 102.39 105.33 105.69 2.9486 0.35974 8 "008.txt" "right" "right" 0.3142
0.096 0.25 180 180 0.58072 1 109.17 109.45 109.81 0.28284 0.36222 8 "008.txt" "right" "right" 0.29788
0.143 0.854 0 0 1.1804 1 113.38 114.26 114.62 0.88279 0.36024 8 "008.txt" "left" "left" 0.29761
0.192 3.3 0 0 3.6455 1 120.08 123.41 123.77 3.3319 0.35898 8 "008.txt" "left" "left" 0.3136
0.081 1.69 180 180 2.006 1 129.01 130.73 131.09 1.7156 0.36291 8 "008.txt" "right" "right" 0.2904
0.603 0.854 0 0 1.1381 1 134.52 135.41 135.77 0.88269 0.36043 8 "008.txt" "left" "left" 0.25541
0.918 2.02 0 0 2.4224 NA 144.77 146.82 147.19 2.049 0.36636 8 "008.txt" "left" "left" 0.3734
0.603 0.625 0 0 0.94538 1 152.1 152.75 153.11 0.64945 0.35987 8 "008.txt" "left" "left" 0.29593
0.075 0.625 180 180 0.98839 1 159.25 159.9 160.26 0.64915 0.36065 8 "008.txt" "right" "right" 0.33924
0.039 1.44 0 0 1.7814 1 170.11 171.58 171.94 1.4658 0.36157 8 "008.txt" "left" "left" 0.3156
0.062 0.25 180 180 0.63085 1 176.63 176.91 177.28 0.28292 0.36732 8 "008.txt" "right" "right" 0.34793
0.011 1.83 0 0 2.1789 1 183.33 185.18 185.54 1.8491 0.36687 8 "008.txt" "left" "left" 0.3298
0.051 0.906 180 180 1.2292 1 196.47 197.4 197.76 0.93271 0.35903 8 "008.txt" "right" "right" 0.29649
0.157 1.34 180 180 1.6757 1 202.55 203.92 204.28 1.3659 0.36374 8 "008.txt" "right" "right" 0.3098
0.096 0.759 180 180 1.0723 1 209.72 210.5 210.86 0.78268 0.36106 8 "008.txt" "right" "right" 0.28962
0.103 0.315 0 0 0.64014 1 215.72 216.05 216.41 0.33276 0.36251 8 "008.txt" "left" "left" 0.30738
0.096 0.484 0 0 0.80845 1 223.75 224.26 224.62 0.51609 0.36184 8 "008.txt" "left" "left" 0.29236
0.157 0.759 0 0 1.0791 1 228.06 228.86 229.22 0.79934 0.36081 8 "008.txt" "left" "left" 0.27976
0.837 3.3 0 0 3.6119 1 234.74 238.07 238.44 3.3318 0.36182 8 "008.txt" "left" "left" 0.2801
0.173 0.271 180 180 0.59027 1 242.09 242.39 242.76 0.29955 0.36486 8 "008.txt" "right" "right" 0.29072
0.285 1.83 180 180 2.1467 1 250.44 252.29 252.65 1.8487 0.36007 8 "008.txt" "right" "right" 0.298
0.103 1.02 180 180 1.3456 1 256.97 258 258.36 1.0326 0.35876 8 "008.txt" "right" "right" 0.313
0.056 0.423 180 180 0.80092 1 264.27 264.72 265.09 0.44938 0.37186 8 "008.txt" "right" "right" 0.35154
0.76 0.71 180 180 1.0661 1 271.75 272.48 272.84 0.73282 0.36107 8 "008.txt" "right" "right" 0.33328
0.051 0.759 180 180 1.105 1 279.03 279.81 280.18 0.78272 0.36636 8 "008.txt" "right" "right" 0.32228
0.173 1.34 0 0 1.6815 1 293.42 294.79 295.15 1.3659 0.36127 8 "008.txt" "left" "left" 0.3156
0.76 1.17 0 0 1.4804 1 301.34 302.54 302.9 1.1993 0.3623 8 "008.txt" "left" "left" 0.2811
0.173 0.625 0 0 0.94544 1 306.85 307.5 307.87 0.64939 0.36307 8 "008.txt" "left" "left" 0.29605
0.285 1.02 0 0 1.3037 1 313.07 314.12 314.48 1.0492 0.35913 8 "008.txt" "left" "left" 0.2545
0.331 0.453 0 0 0.76934 1 318.07 318.55 318.91 0.48285 0.36163 8 "008.txt" "left" "left" 0.28649
0.45 0.271 0 0 0.63267 1 328.71 329.01 329.38 0.29937 0.36344 8 "008.txt" "left" "left" 0.3333
0.088 1.69 0 0 2.0328 1 335.36 337.08 337.44 1.7157 0.36304 8 "008.txt" "left" "left" 0.3171
0 0.453 0 180 0.78183 0 346.82 347.31 347.67 0.48273 0.36154 8 "008.txt" "left" "right" 0.2991
0.111 0.516 180 180 0.81411 1 352.84 353.39 353.75 0.54943 0.36363 8 "008.txt" "right" "right" 0.26468
0.045 0.453 0 180 0.79763 0 360.94 361.42 361.78 0.48279 0.35932 8 "008.txt" "left" "right" 0.31484
0.45 0.588 0 0 0.88734 1 367.97 368.58 368.94 0.61586 0.36107 8 "008.txt" "left" "left" 0.27148
0.603 0.759 0 0 1.0508 1 373.1 373.88 374.25 0.78268 0.36366 8 "008.txt" "left" "left" 0.26812
0.837 0.71 0 0 0.95625 1 377.7 378.43 378.79 0.73268 0.36229 8 "008.txt" "left" "left" 0.22357
0.681 0.293 0 0 0.60458 1 382.93 383.25 383.61 0.31611 0.35953 8 "008.txt" "left" "left" 0.28847
0.011 0.271 0 0 0.59095 1 387.03 387.33 387.69 0.29952 0.36354 8 "008.txt" "left" "left" 0.29143
0.075 0.759 180 180 1.045 1 391.36 392.14 392.51 0.78263 0.36324 8 "008.txt" "right" "right" 0.26237
0.121 2.02 0 0 2.3755 1 397.39 399.44 399.8 2.0488 0.36328 8 "008.txt" "left" "left" 0.3267
